A =  [[ 5 -2]
 [-2  8]]
Q =  [[-0.92847669  0.37139068]
 [ 0.37139068  0.92847669]]
R =  [[-5.38516481  4.82807879]
 [ 0.          6.68503217]]
diagonal(A20) =  [9. 4.]
Eigenvalues =  [9. 4.]
