A = 
 [[0 1 1]
 [0 1 0]
 [1 1 0]
 [0 1 0]
 [1 0 1]]
Using np.linalg.svd :

U =  [[-5.47722558e-01  4.11856119e-16 -7.07106781e-01 -1.32058463e-01
  -4.27271064e-01]
 [-3.65148372e-01 -4.08248290e-01 -1.60009123e-16 -5.43516408e-01
   6.36073827e-01]
 [-5.47722558e-01 -2.75016684e-16  7.07106781e-01 -1.32058463e-01
  -4.27271064e-01]
 [-3.65148372e-01 -4.08248290e-01 -2.13371358e-16  8.07633333e-01
   2.18468301e-01]
 [-3.65148372e-01  8.16496581e-01  9.35206447e-17  1.32058463e-01
   4.27271064e-01]]

S =  [[2.23606798 0.         0.        ]
 [0.         1.41421356 0.        ]
 [0.         0.         1.        ]
 [0.         0.         0.        ]
 [0.         0.         0.        ]]

VT =  [[-4.08248290e-01 -8.16496581e-01 -4.08248290e-01]
 [ 5.77350269e-01 -5.77350269e-01  5.77350269e-01]
 [ 7.07106781e-01 -3.33066907e-16 -7.07106781e-01]]

Time taken for execution  = 0.001027822494506836 seconds

Using QR Algorithm : 

U =  [[-5.47722558e-01  1.89087187e-16 -7.07106781e-01 -7.48733854e-02
   4.40901322e-01]
 [-3.65148372e-01 -4.08248290e-01 -1.51384705e-16 -6.22252816e-01
  -5.59286539e-01]
 [-5.47722558e-01 -2.70146864e-16  7.07106781e-01 -7.48733854e-02
   4.40901322e-01]
 [-3.65148372e-01 -4.08248290e-01 -9.93430004e-17  7.71999587e-01
  -3.22516105e-01]
 [-3.65148372e-01  8.16496581e-01  2.47408126e-16  7.48733854e-02
  -4.40901322e-01]]

S =  [[2.23606798 0.         0.        ]
 [0.         1.41421356 0.        ]
 [0.         0.         1.        ]
 [0.         0.         0.        ]
 [0.         0.         0.        ]]

VT =  [[-4.08248290e-01 -8.16496581e-01 -4.08248290e-01]
 [ 5.77350269e-01 -5.77350269e-01  5.77350269e-01]
 [-7.07106781e-01 -3.87833706e-17  7.07106781e-01]]

Time taken for execution  = 0.008945226669311523 seconds
